4.583000000000000000e+03 1.280000000000000000e+02
3.000000000000000000e+03 6.600000000000000000e+01
2.583000000000000000e+03 1.200000000000000000e+02
6.000000000000000000e+03 1.410000000000000000e+02
5.417000000000000000e+03 2.670000000000000000e+02
2.333000000000000000e+03 9.500000000000000000e+01
3.036000000000000000e+03 1.580000000000000000e+02
4.006000000000000000e+03 1.680000000000000000e+02
1.284100000000000000e+04 3.490000000000000000e+02
3.200000000000000000e+03 7.000000000000000000e+01
2.500000000000000000e+03 1.090000000000000000e+02
3.073000000000000000e+03 2.000000000000000000e+02
1.853000000000000000e+03 1.140000000000000000e+02
4.950000000000000000e+03 1.250000000000000000e+02
3.510000000000000000e+03 7.600000000000000000e+01
4.887000000000000000e+03 1.330000000000000000e+02
7.660000000000000000e+03 1.040000000000000000e+02
5.955000000000000000e+03 3.150000000000000000e+02
2.600000000000000000e+03 1.160000000000000000e+02
3.365000000000000000e+03 1.120000000000000000e+02
3.717000000000000000e+03 1.510000000000000000e+02
9.560000000000000000e+03 1.910000000000000000e+02
2.799000000000000000e+03 1.220000000000000000e+02
4.226000000000000000e+03 1.100000000000000000e+02
1.442000000000000000e+03 3.500000000000000000e+01
3.750000000000000000e+03 1.200000000000000000e+02
4.166000000000000000e+03 2.010000000000000000e+02
3.167000000000000000e+03 7.400000000000000000e+01
4.692000000000000000e+03 1.060000000000000000e+02
3.500000000000000000e+03 1.140000000000000000e+02
1.250000000000000000e+04 3.200000000000000000e+02
3.667000000000000000e+03 1.440000000000000000e+02
4.166000000000000000e+03 1.840000000000000000e+02
3.748000000000000000e+03 1.100000000000000000e+02
3.600000000000000000e+03 8.000000000000000000e+01
1.800000000000000000e+03 4.700000000000000000e+01
2.400000000000000000e+03 7.500000000000000000e+01
3.941000000000000000e+03 1.340000000000000000e+02
5.649000000000000000e+03 4.400000000000000000e+01
5.821000000000000000e+03 1.440000000000000000e+02
2.645000000000000000e+03 1.200000000000000000e+02
4.000000000000000000e+03 1.440000000000000000e+02
1.928000000000000000e+03 1.000000000000000000e+02
3.086000000000000000e+03 1.200000000000000000e+02
4.230000000000000000e+03 1.120000000000000000e+02
4.616000000000000000e+03 1.340000000000000000e+02
1.150000000000000000e+04 2.860000000000000000e+02
2.708000000000000000e+03 9.700000000000000000e+01
2.132000000000000000e+03 9.600000000000000000e+01
3.366000000000000000e+03 1.350000000000000000e+02
8.080000000000000000e+03 1.800000000000000000e+02
3.357000000000000000e+03 1.440000000000000000e+02
2.500000000000000000e+03 1.200000000000000000e+02
3.029000000000000000e+03 9.900000000000000000e+01
4.166000000000000000e+03 1.160000000000000000e+02
5.726000000000000000e+03 2.580000000000000000e+02
1.075000000000000000e+04 3.120000000000000000e+02
4.300000000000000000e+03 1.360000000000000000e+02
3.208000000000000000e+03 1.720000000000000000e+02
1.875000000000000000e+03 9.700000000000000000e+01
5.266000000000000000e+03 1.870000000000000000e+02
3.750000000000000000e+03 1.760000000000000000e+02
1.000000000000000000e+03 1.100000000000000000e+02
3.333000000000000000e+03 1.300000000000000000e+02
3.846000000000000000e+03 1.110000000000000000e+02
1.378000000000000000e+03 1.670000000000000000e+02
6.000000000000000000e+03 2.650000000000000000e+02
2.366000000000000000e+03 1.360000000000000000e+02
3.333000000000000000e+03 9.900000000000000000e+01
2.500000000000000000e+03 1.040000000000000000e+02
8.566000000000000000e+03 2.100000000000000000e+02
5.695000000000000000e+03 1.750000000000000000e+02
2.958000000000000000e+03 1.310000000000000000e+02
3.273000000000000000e+03 8.100000000000000000e+01
4.133000000000000000e+03 1.220000000000000000e+02
2.484000000000000000e+03 1.370000000000000000e+02
1.977000000000000000e+03 5.000000000000000000e+01
1.759000000000000000e+03 1.310000000000000000e+02
4.843000000000000000e+03 1.510000000000000000e+02
3.816000000000000000e+03 1.600000000000000000e+02
3.052000000000000000e+03 1.000000000000000000e+02
1.141700000000000000e+04 2.250000000000000000e+02
7.333000000000000000e+03 1.200000000000000000e+02
3.800000000000000000e+03 2.160000000000000000e+02
5.316000000000000000e+03 1.360000000000000000e+02
2.929000000000000000e+03 1.390000000000000000e+02
5.050000000000000000e+03 1.180000000000000000e+02
3.167000000000000000e+03 1.540000000000000000e+02
2.214000000000000000e+03 8.500000000000000000e+01
5.568000000000000000e+03 1.750000000000000000e+02
1.040800000000000000e+04 2.590000000000000000e+02
5.667000000000000000e+03 1.800000000000000000e+02
4.166000000000000000e+03 4.400000000000000000e+01
2.137000000000000000e+03 1.370000000000000000e+02
2.957000000000000000e+03 8.100000000000000000e+01
4.300000000000000000e+03 1.940000000000000000e+02
3.692000000000000000e+03 9.300000000000000000e+01
2.380300000000000000e+04 3.700000000000000000e+02
6.080000000000000000e+03 1.820000000000000000e+02
2.014000000000000000e+03 7.400000000000000000e+01
2.718000000000000000e+03 7.000000000000000000e+01
4.895000000000000000e+03 1.020000000000000000e+02
4.000000000000000000e+03 2.900000000000000000e+02
4.583000000000000000e+03 8.400000000000000000e+01
3.316000000000000000e+03 8.800000000000000000e+01
1.499900000000000000e+04 2.420000000000000000e+02
4.200000000000000000e+03 1.290000000000000000e+02
5.042000000000000000e+03 1.850000000000000000e+02
5.417000000000000000e+03 1.680000000000000000e+02
2.698000000000000000e+03 1.220000000000000000e+02
2.330000000000000000e+03 1.000000000000000000e+02
1.486600000000000000e+04 7.000000000000000000e+01
1.538000000000000000e+03 3.000000000000000000e+01
1.000000000000000000e+04 2.250000000000000000e+02
4.860000000000000000e+03 1.250000000000000000e+02
6.277000000000000000e+03 1.180000000000000000e+02
2.577000000000000000e+03 1.520000000000000000e+02
9.166000000000000000e+03 2.440000000000000000e+02
2.281000000000000000e+03 1.130000000000000000e+02
3.254000000000000000e+03 5.000000000000000000e+01
6.000000000000000000e+03 1.600000000000000000e+02
9.538000000000000000e+03 1.870000000000000000e+02
2.980000000000000000e+03 1.200000000000000000e+02
4.583000000000000000e+03 2.550000000000000000e+02
1.863000000000000000e+03 9.800000000000000000e+01
7.933000000000000000e+03 2.750000000000000000e+02
3.089000000000000000e+03 1.210000000000000000e+02
4.167000000000000000e+03 1.580000000000000000e+02
4.583000000000000000e+03 1.120000000000000000e+02
2.439000000000000000e+03 1.290000000000000000e+02
8.000000000000000000e+03 2.000000000000000000e+02
1.820000000000000000e+03 9.500000000000000000e+01
5.708000000000000000e+03 1.870000000000000000e+02
4.344000000000000000e+03 8.700000000000000000e+01
3.497000000000000000e+03 1.160000000000000000e+02
2.045000000000000000e+03 1.010000000000000000e+02
5.516000000000000000e+03 4.950000000000000000e+02
3.750000000000000000e+03 1.160000000000000000e+02
6.400000000000000000e+03 1.800000000000000000e+02
1.916000000000000000e+03 6.700000000000000000e+01
3.384600000000000000e+04 2.600000000000000000e+02
3.625000000000000000e+03 1.080000000000000000e+02
3.914700000000000000e+04 1.200000000000000000e+02
2.383000000000000000e+03 5.800000000000000000e+01
6.740000000000000000e+02 1.680000000000000000e+02
4.885000000000000000e+03 4.800000000000000000e+01
1.200000000000000000e+04 1.640000000000000000e+02
6.033000000000000000e+03 1.600000000000000000e+02
3.858000000000000000e+03 7.600000000000000000e+01
4.191000000000000000e+03 1.200000000000000000e+02
3.125000000000000000e+03 1.700000000000000000e+02
8.333000000000000000e+03 1.870000000000000000e+02
3.416000000000000000e+03 1.130000000000000000e+02
1.100000000000000000e+04 8.300000000000000000e+01
2.600000000000000000e+03 9.000000000000000000e+01
4.923000000000000000e+03 1.660000000000000000e+02
3.500000000000000000e+03 1.350000000000000000e+02
3.917000000000000000e+03 1.240000000000000000e+02
4.408000000000000000e+03 1.200000000000000000e+02
3.244000000000000000e+03 8.000000000000000000e+01
3.975000000000000000e+03 5.500000000000000000e+01
2.479000000000000000e+03 5.900000000000000000e+01
3.418000000000000000e+03 1.270000000000000000e+02
1.000000000000000000e+04 2.140000000000000000e+02
3.430000000000000000e+03 1.280000000000000000e+02
7.787000000000000000e+03 2.400000000000000000e+02
5.703000000000000000e+03 1.300000000000000000e+02
3.173000000000000000e+03 1.370000000000000000e+02
3.850000000000000000e+03 1.000000000000000000e+02
1.500000000000000000e+02 1.350000000000000000e+02
3.727000000000000000e+03 1.310000000000000000e+02
5.000000000000000000e+03 7.200000000000000000e+01
4.283000000000000000e+03 1.270000000000000000e+02
2.221000000000000000e+03 6.000000000000000000e+01
4.009000000000000000e+03 1.160000000000000000e+02
2.971000000000000000e+03 1.440000000000000000e+02
6.250000000000000000e+03 1.280000000000000000e+02
3.250000000000000000e+03 1.700000000000000000e+02
4.735000000000000000e+03 1.380000000000000000e+02
6.250000000000000000e+03 2.100000000000000000e+02
6.400000000000000000e+03 2.000000000000000000e+02
2.491000000000000000e+03 1.040000000000000000e+02
8.333000000000000000e+03 2.800000000000000000e+02
3.155000000000000000e+03 1.400000000000000000e+02
5.500000000000000000e+03 1.700000000000000000e+02
5.746000000000000000e+03 2.550000000000000000e+02
3.463000000000000000e+03 1.220000000000000000e+02
3.812000000000000000e+03 1.120000000000000000e+02
3.315000000000000000e+03 9.600000000000000000e+01
5.819000000000000000e+03 1.200000000000000000e+02
6.250000000000000000e+03 1.080000000000000000e+02
3.406000000000000000e+03 1.230000000000000000e+02
9.703000000000000000e+03 1.120000000000000000e+02
1.809000000000000000e+03 9.000000000000000000e+01
1.668000000000000000e+03 2.010000000000000000e+02
3.427000000000000000e+03 1.380000000000000000e+02
2.583000000000000000e+03 1.040000000000000000e+02
1.625000000000000000e+04 1.920000000000000000e+02
3.083000000000000000e+03 2.550000000000000000e+02
6.045000000000000000e+03 1.150000000000000000e+02
5.250000000000000000e+03 9.400000000000000000e+01
1.468300000000000000e+04 3.040000000000000000e+02
4.931000000000000000e+03 1.280000000000000000e+02
6.083000000000000000e+03 3.300000000000000000e+02
2.060000000000000000e+03 1.340000000000000000e+02
7.200000000000000000e+03 1.200000000000000000e+02
5.166000000000000000e+03 1.280000000000000000e+02
4.095000000000000000e+03 1.510000000000000000e+02
4.708000000000000000e+03 1.500000000000000000e+02
4.333000000000000000e+03 1.600000000000000000e+02
3.418000000000000000e+03 1.350000000000000000e+02
2.876000000000000000e+03 9.000000000000000000e+01
3.237000000000000000e+03 3.000000000000000000e+01
1.114600000000000000e+04 1.360000000000000000e+02
2.833000000000000000e+03 1.260000000000000000e+02
2.620000000000000000e+03 1.500000000000000000e+02
3.900000000000000000e+03 9.000000000000000000e+01
2.750000000000000000e+03 1.150000000000000000e+02
3.993000000000000000e+03 2.070000000000000000e+02
3.103000000000000000e+03 8.000000000000000000e+01
1.458300000000000000e+04 4.360000000000000000e+02
4.100000000000000000e+03 1.240000000000000000e+02
4.053000000000000000e+03 1.580000000000000000e+02
3.927000000000000000e+03 1.120000000000000000e+02
1.811000000000000000e+03 5.400000000000000000e+01
3.158000000000000000e+03 8.900000000000000000e+01
3.704000000000000000e+03 1.200000000000000000e+02
4.124000000000000000e+03 1.150000000000000000e+02
9.508000000000000000e+03 1.870000000000000000e+02
3.075000000000000000e+03 1.390000000000000000e+02
4.400000000000000000e+03 1.270000000000000000e+02
3.153000000000000000e+03 1.340000000000000000e+02
2.383000000000000000e+03 1.720000000000000000e+02
4.416000000000000000e+03 1.100000000000000000e+02
6.875000000000000000e+03 2.000000000000000000e+02
4.666000000000000000e+03 1.350000000000000000e+02
2.014000000000000000e+03 1.130000000000000000e+02
1.800000000000000000e+03 9.300000000000000000e+01
2.875000000000000000e+03 1.050000000000000000e+02
5.000000000000000000e+03 1.320000000000000000e+02
1.625000000000000000e+03 9.600000000000000000e+01
4.000000000000000000e+03 1.400000000000000000e+02
3.762000000000000000e+03 1.350000000000000000e+02
2.400000000000000000e+03 1.040000000000000000e+02
2.023300000000000000e+04 4.800000000000000000e+02
7.667000000000000000e+03 1.850000000000000000e+02
2.917000000000000000e+03 8.400000000000000000e+01
2.927000000000000000e+03 1.110000000000000000e+02
2.507000000000000000e+03 5.600000000000000000e+01
2.473000000000000000e+03 1.590000000000000000e+02
3.717000000000000000e+03 1.200000000000000000e+02
2.058000000000000000e+03 8.800000000000000000e+01
3.541000000000000000e+03 1.120000000000000000e+02
1.000000000000000000e+04 1.550000000000000000e+02
2.400000000000000000e+03 1.150000000000000000e+02
4.342000000000000000e+03 1.240000000000000000e+02
3.166000000000000000e+03 1.320000000000000000e+02
1.500000000000000000e+04 3.000000000000000000e+02
8.666000000000000000e+03 3.760000000000000000e+02
4.917000000000000000e+03 1.300000000000000000e+02
5.818000000000000000e+03 1.840000000000000000e+02
4.333000000000000000e+03 1.100000000000000000e+02
2.500000000000000000e+03 6.700000000000000000e+01
4.384000000000000000e+03 1.170000000000000000e+02
2.935000000000000000e+03 9.800000000000000000e+01
2.833000000000000000e+03 7.100000000000000000e+01
5.250000000000000000e+03 1.600000000000000000e+02
2.500000000000000000e+03 1.760000000000000000e+02
4.160000000000000000e+03 7.100000000000000000e+01
2.647000000000000000e+03 1.730000000000000000e+02
2.378000000000000000e+03 4.600000000000000000e+01
4.554000000000000000e+03 1.580000000000000000e+02
3.173000000000000000e+03 7.400000000000000000e+01
2.583000000000000000e+03 1.250000000000000000e+02
2.499000000000000000e+03 1.600000000000000000e+02
3.523000000000000000e+03 1.520000000000000000e+02
3.083000000000000000e+03 1.260000000000000000e+02
6.333000000000000000e+03 2.590000000000000000e+02
2.625000000000000000e+03 1.870000000000000000e+02
9.083000000000000000e+03 2.280000000000000000e+02
8.750000000000000000e+03 3.080000000000000000e+02
2.666000000000000000e+03 9.500000000000000000e+01
5.500000000000000000e+03 1.050000000000000000e+02
2.423000000000000000e+03 1.300000000000000000e+02
8.333000000000000000e+03 1.650000000000000000e+02
3.875000000000000000e+03 6.700000000000000000e+01
5.167000000000000000e+03 2.000000000000000000e+02
4.723000000000000000e+03 8.100000000000000000e+01
5.000000000000000000e+03 2.360000000000000000e+02
4.750000000000000000e+03 1.300000000000000000e+02
6.822000000000000000e+03 1.410000000000000000e+02
6.216000000000000000e+03 1.330000000000000000e+02
6.325000000000000000e+03 1.750000000000000000e+02
1.973000000000000000e+04 5.700000000000000000e+02
1.575900000000000000e+04 5.500000000000000000e+01
5.185000000000000000e+03 1.550000000000000000e+02
2.764000000000000000e+03 1.100000000000000000e+02
8.750000000000000000e+03 1.300000000000000000e+02
4.310000000000000000e+03 1.300000000000000000e+02
5.391000000000000000e+03 1.300000000000000000e+02
3.333000000000000000e+03 1.280000000000000000e+02
5.941000000000000000e+03 2.960000000000000000e+02
6.000000000000000000e+03 1.560000000000000000e+02
7.167000000000000000e+03 1.280000000000000000e+02
4.566000000000000000e+03 1.000000000000000000e+02
2.346000000000000000e+03 1.320000000000000000e+02
2.333000000000000000e+03 1.360000000000000000e+02
5.488000000000000000e+03 1.250000000000000000e+02
9.167000000000000000e+03 1.850000000000000000e+02
9.504000000000000000e+03 2.750000000000000000e+02
2.583000000000000000e+03 1.200000000000000000e+02
3.100000000000000000e+03 1.130000000000000000e+02
3.276000000000000000e+03 1.350000000000000000e+02
3.180000000000000000e+03 7.100000000000000000e+01
3.033000000000000000e+03 9.500000000000000000e+01
3.902000000000000000e+03 1.090000000000000000e+02
1.500000000000000000e+03 1.030000000000000000e+02
2.500000000000000000e+03 1.030000000000000000e+02
1.963000000000000000e+03 5.300000000000000000e+01
7.441000000000000000e+03 1.940000000000000000e+02
4.547000000000000000e+03 1.150000000000000000e+02
2.167000000000000000e+03 1.150000000000000000e+02
2.213000000000000000e+03 6.600000000000000000e+01
8.100000000000000000e+04 3.600000000000000000e+02
3.867000000000000000e+03 6.200000000000000000e+01
6.256000000000000000e+03 1.600000000000000000e+02
6.096000000000000000e+03 2.180000000000000000e+02
2.253000000000000000e+03 1.100000000000000000e+02
2.149000000000000000e+03 1.780000000000000000e+02
2.995000000000000000e+03 6.000000000000000000e+01
2.600000000000000000e+03 1.600000000000000000e+02
1.600000000000000000e+03 2.390000000000000000e+02
1.025000000000000000e+03 1.120000000000000000e+02
3.246000000000000000e+03 1.380000000000000000e+02
5.829000000000000000e+03 1.380000000000000000e+02
1.820000000000000000e+03 1.000000000000000000e+02
1.488000000000000000e+04 9.600000000000000000e+01
2.666000000000000000e+03 1.210000000000000000e+02
4.606000000000000000e+03 8.100000000000000000e+01
5.935000000000000000e+03 1.330000000000000000e+02
2.920000000000000000e+03 8.700000000000000000e+01
8.624000000000000000e+03 1.500000000000000000e+02
6.500000000000000000e+03 1.050000000000000000e+02
1.287600000000000000e+04 4.050000000000000000e+02
2.425000000000000000e+03 1.430000000000000000e+02
3.750000000000000000e+03 1.000000000000000000e+02
1.926000000000000000e+03 5.000000000000000000e+01
1.041600000000000000e+04 1.870000000000000000e+02
7.142000000000000000e+03 1.380000000000000000e+02
3.660000000000000000e+03 1.870000000000000000e+02
7.901000000000000000e+03 1.800000000000000000e+02
4.707000000000000000e+03 1.480000000000000000e+02
3.771900000000000000e+04 1.520000000000000000e+02
3.466000000000000000e+03 1.300000000000000000e+02
4.652000000000000000e+03 1.100000000000000000e+02
3.539000000000000000e+03 5.500000000000000000e+01
3.340000000000000000e+03 1.500000000000000000e+02
2.769000000000000000e+03 1.900000000000000000e+02
2.309000000000000000e+03 1.250000000000000000e+02
3.948000000000000000e+03 1.490000000000000000e+02
7.085000000000000000e+03 8.400000000000000000e+01
3.859000000000000000e+03 9.600000000000000000e+01
4.301000000000000000e+03 1.180000000000000000e+02
3.708000000000000000e+03 1.730000000000000000e+02
4.354000000000000000e+03 1.360000000000000000e+02
8.334000000000000000e+03 1.600000000000000000e+02
2.083000000000000000e+03 1.600000000000000000e+02
3.015000000000000000e+03 1.530000000000000000e+02
5.191000000000000000e+03 1.320000000000000000e+02
4.166000000000000000e+03 9.800000000000000000e+01
6.000000000000000000e+03 1.400000000000000000e+02
1.669200000000000000e+04 1.100000000000000000e+02
2.100000000000000000e+02 9.800000000000000000e+01
4.333000000000000000e+03 1.100000000000000000e+02
3.450000000000000000e+03 1.620000000000000000e+02
4.691000000000000000e+03 1.000000000000000000e+02
2.500000000000000000e+03 9.300000000000000000e+01
5.532000000000000000e+03 1.620000000000000000e+02
1.652500000000000000e+04 1.500000000000000000e+02
2.873000000000000000e+03 1.320000000000000000e+02
1.666700000000000000e+04 8.600000000000000000e+01
4.350000000000000000e+03 1.540000000000000000e+02
3.095000000000000000e+03 1.130000000000000000e+02
2.083000000000000000e+03 1.280000000000000000e+02
1.083300000000000000e+04 2.340000000000000000e+02
8.333000000000000000e+03 2.460000000000000000e+02
1.958000000000000000e+03 1.310000000000000000e+02
3.547000000000000000e+03 8.000000000000000000e+01
1.833300000000000000e+04 5.000000000000000000e+02
4.583000000000000000e+03 1.600000000000000000e+02
2.435000000000000000e+03 7.500000000000000000e+01
2.699000000000000000e+03 9.600000000000000000e+01
5.333000000000000000e+03 1.860000000000000000e+02
3.691000000000000000e+03 1.100000000000000000e+02
1.726300000000000000e+04 2.250000000000000000e+02
3.597000000000000000e+03 1.190000000000000000e+02
2.600000000000000000e+03 1.070000000000000000e+02
2.895000000000000000e+03 9.500000000000000000e+01
6.283000000000000000e+03 2.090000000000000000e+02
3.159000000000000000e+03 1.000000000000000000e+02
4.865000000000000000e+03 2.080000000000000000e+02
4.050000000000000000e+03 1.380000000000000000e+02
3.510000000000000000e+03 2.430000000000000000e+02
2.083300000000000000e+04 4.800000000000000000e+02
3.583000000000000000e+03 9.600000000000000000e+01
2.479000000000000000e+03 1.880000000000000000e+02
1.326200000000000000e+04 4.000000000000000000e+01
3.598000000000000000e+03 1.000000000000000000e+02
6.065000000000000000e+03 2.500000000000000000e+02
3.283000000000000000e+03 1.480000000000000000e+02
5.815000000000000000e+03 3.110000000000000000e+02
3.466000000000000000e+03 1.500000000000000000e+02
3.074000000000000000e+03 1.230000000000000000e+02
4.683000000000000000e+03 1.850000000000000000e+02
3.400000000000000000e+03 9.500000000000000000e+01
2.192000000000000000e+03 4.500000000000000000e+01
2.500000000000000000e+03 5.500000000000000000e+01
5.677000000000000000e+03 1.000000000000000000e+02
7.948000000000000000e+03 4.800000000000000000e+02
1.750000000000000000e+04 4.000000000000000000e+02
3.775000000000000000e+03 1.100000000000000000e+02
5.285000000000000000e+03 1.610000000000000000e+02
2.679000000000000000e+03 9.400000000000000000e+01
6.783000000000000000e+03 1.300000000000000000e+02
1.025000000000000000e+03 2.160000000000000000e+02
4.281000000000000000e+03 1.000000000000000000e+02
3.588000000000000000e+03 1.100000000000000000e+02
1.125000000000000000e+04 1.960000000000000000e+02
1.816500000000000000e+04 1.250000000000000000e+02
2.550000000000000000e+03 1.260000000000000000e+02
6.133000000000000000e+03 3.240000000000000000e+02
3.617000000000000000e+03 1.070000000000000000e+02
2.917000000000000000e+03 6.600000000000000000e+01
2.138000000000000000e+03 9.900000000000000000e+01
3.652000000000000000e+03 9.500000000000000000e+01
2.239000000000000000e+03 1.280000000000000000e+02
3.017000000000000000e+03 1.020000000000000000e+02
2.768000000000000000e+03 1.550000000000000000e+02
2.526000000000000000e+03 1.450000000000000000e+02
5.000000000000000000e+03 1.030000000000000000e+02
2.785000000000000000e+03 1.100000000000000000e+02
3.333000000000000000e+03 1.580000000000000000e+02
2.454000000000000000e+03 1.810000000000000000e+02
5.468000000000000000e+03 2.600000000000000000e+01
2.667000000000000000e+03 8.400000000000000000e+01
1.013900000000000000e+04 2.600000000000000000e+02
3.887000000000000000e+03 1.620000000000000000e+02
4.180000000000000000e+03 1.820000000000000000e+02
3.675000000000000000e+03 1.080000000000000000e+02
1.948400000000000000e+04 6.000000000000000000e+02
5.923000000000000000e+03 2.110000000000000000e+02
5.800000000000000000e+03 1.320000000000000000e+02
8.799000000000000000e+03 2.580000000000000000e+02
4.467000000000000000e+03 1.200000000000000000e+02
3.333000000000000000e+03 7.000000000000000000e+01
3.400000000000000000e+03 1.230000000000000000e+02
2.378000000000000000e+03 9.000000000000000000e+00
3.166000000000000000e+03 1.040000000000000000e+02
3.417000000000000000e+03 1.860000000000000000e+02
5.116000000000000000e+03 1.650000000000000000e+02
1.666600000000000000e+04 2.750000000000000000e+02
6.406000000000000000e+03 1.500000000000000000e+02
3.087000000000000000e+03 1.360000000000000000e+02
3.229000000000000000e+03 1.100000000000000000e+02
1.782000000000000000e+03 1.070000000000000000e+02
3.182000000000000000e+03 1.610000000000000000e+02
6.540000000000000000e+03 2.050000000000000000e+02
1.836000000000000000e+03 9.000000000000000000e+01
3.166000000000000000e+03 3.600000000000000000e+01
1.880000000000000000e+03 6.100000000000000000e+01
2.787000000000000000e+03 1.460000000000000000e+02
2.297000000000000000e+03 1.040000000000000000e+02
2.165000000000000000e+03 7.000000000000000000e+01
4.750000000000000000e+03 9.400000000000000000e+01
2.726000000000000000e+03 1.060000000000000000e+02
9.357000000000000000e+03 2.920000000000000000e+02
1.612000000000000000e+04 2.600000000000000000e+02
3.833000000000000000e+03 1.100000000000000000e+02
6.383000000000000000e+03 1.870000000000000000e+02
2.987000000000000000e+03 8.800000000000000000e+01
9.963000000000000000e+03 1.800000000000000000e+02
5.780000000000000000e+03 1.920000000000000000e+02
2.894000000000000000e+03 1.550000000000000000e+02
5.703000000000000000e+03 1.280000000000000000e+02
3.676000000000000000e+03 1.720000000000000000e+02
1.200000000000000000e+04 4.960000000000000000e+02
3.400000000000000000e+03 1.730000000000000000e+02
3.987000000000000000e+03 1.570000000000000000e+02
3.232000000000000000e+03 1.080000000000000000e+02
2.900000000000000000e+03 7.100000000000000000e+01
8.072000000000000000e+03 2.530000000000000000e+02
7.583000000000000000e+03 1.870000000000000000e+02
4.583000000000000000e+03 1.330000000000000000e+02
